1.000000000000000000e+00
9.998516923862800221e-01
9.988483768848218647e-01
9.962538666119057362e-01
9.914520468819137955e-01
9.839807004745770858e-01
9.735215245713938481e-01
9.598978824058839177e-01
9.430651751498113633e-01
9.230972078399609648e-01
9.001700769889375842e-01
8.745441409784477926e-01
8.465459180133215744e-01
8.165499231290104243e-01
7.849617261110077848e-01
7.522022244916943823e-01
7.186936044263755319e-01
6.848475763450037057e-01
6.510550725910052572e-01
6.176784838241164977e-01
5.850453954116875410e-01
5.534445440380280079e-01
5.231229227869135245e-01
4.942848573168757698e-01
4.670919502608784635e-01
4.416642770197884427e-01
4.180824180188634220e-01
3.963901612129567265e-01
3.765977017334125598e-01
3.586852744027430040e-01
3.426069650244549791e-01
3.282946480654970745e-01
3.156619241884499605e-01
3.046080040362871277e-01
2.950213661193185066e-01
2.867832901845514537e-01
2.797710324549314564e-01
2.738607073054147856e-01
2.689299021901893072e-01
2.648598405436224934e-01
