1.000000000000000000e+00
9.961093292839404700e-01
9.855780984384735488e-01
9.699170303293100925e-01
9.503966813027113769e-01
9.280784475389809440e-01
9.038426602065235960e-01
8.784132843181566841e-01
8.523807097688641532e-01
8.262208549617754416e-01
8.003134802465222686e-01
7.749571573148409387e-01
7.503832672215327015e-01
7.267675300329788923e-01
7.042406380698890134e-01
6.828966740010423697e-01
6.628007126080296407e-01
6.439947004807580200e-01
6.265024673801330435e-01
6.103332717811669195e-01
5.954846109213074445e-01
5.819438171453406028e-01
5.696892087767141399e-01
5.586902590585677286e-01
5.489078173665801197e-01
5.402938179347825942e-01
5.327911879737852185e-01
5.263340865659295043e-01
5.208484790621582539e-01
5.162532222744558030e-01
5.124617961633373131e-01
5.093843514089455571e-01
5.069300747414897668e-01
5.050096149716816196e-01
5.035374943586294894e-01
5.024340087929268783e-01
5.016269313557598641e-01
5.010524575700109340e-01
5.006558431410977894e-01
5.003913404974054124e-01
