1.000000000000000000e+00
9.994804202361590173e-01
9.962105721509177947e-01
9.884310982401688372e-01
9.753437376153250016e-01
9.569030429354613565e-01
9.335932760767683414e-01
9.062293745572582715e-01
8.757961127760924835e-01
8.433278235485028862e-01
8.098243765770753999e-01
7.761966693997803812e-01
7.432352309653723621e-01
7.115951239434989972e-01
6.817926585401844486e-01
6.542097640816074700e-01
6.291034846948705406e-01
6.066184766265509953e-01
5.868011480780314093e-01
5.696145267059621320e-01
5.549531530241952337e-01
5.426577441661636358e-01
5.325288878866014652e-01
5.243402536827996840e-01
5.178506077493761905e-01
5.128148843177122718e-01
5.089939409128823034e-01
5.061627792995067043e-01
5.041170922190438830e-01
5.026776355313203881e-01
5.016926663718327406e-01
5.010381778359103144e-01
5.006164996165746173e-01
5.003535702140486929e-01
5.001952248222875097e-01
5.001033774012030308e-01
5.000522351243674724e-01
5.000250389259481842e-01
5.000112939032823611e-01
5.000047473957205391e-01
